image: dt_map.png
resolution: 0.040000
origin: [-4.949986, -7.321200, 0.000000]
negate: 0
occupied_thresh: 0.65
free_thresh: 0.196

